0.0 0.6130895404919982 0.83558
0.0 2.208671960324334 0.95513
0.0 0.1306367562359784 0.85187
0.0 10.108346261328583 1.0
0.0 1.9418710056986384 0.93004
0.0 0.7633498598389145 0.89529
0.0 2.4649975212380184 0.99757
0.0 5.225145796958709 1.0
0.0 1.391211479125027 0.91298
0.0 -0.44476998071464213 0.86928
0.01 2.0444698534881716 0.99074
0.01 1.3800202225768403 0.90504
0.01 3.58611155031466 0.98868
0.01 1.1288740047208365 0.89023
0.01 6.0030046030647615 0.98965
0.01 1.1540249193469962 0.9303
0.01 2.1281572972135363 0.98157
0.01 5.343007468708612 0.99006
0.01 3.0734060775473324 0.99015
0.01 4.367455136006442 0.98991
0.02 1.0480397771664496 0.86482
0.02 3.5033196372142204 0.96631
0.02 7.8892128529029435 0.98054
0.02 1.7943351722152143 0.85057
0.02 -0.30964294891121535 0.80714
0.02 2.482656825471515 0.96777
0.02 2.3412642247577415 0.94357
0.02 6.5197964649091755 0.98001
0.02 6.682896555799973 0.9809
0.02 4.241097601668575 0.95956
0.03 2.24693688198902 0.91551
0.03 3.7998509713225435 0.9705
0.03 3.1388402225837666 0.96857
0.03 1.2370287155260438 0.83756
0.03 6.0328050157423245 0.96963
0.03 4.847340227269524 0.97048
0.03 1.0168969614775907 0.89866
0.03 2.071710456672755 0.93814
0.03 8.107676980389527 0.96954
0.03 4.9157443760667325 0.96892
0.04 3.909389094910724 0.96023
0.04 5.994824095866974 0.96021
0.04 2.4618615184968493 0.95548
0.04 2.0232606353860825 0.95814
0.04 3.7030138978259357 0.96167
0.04 1.0630613078644686 0.90677
0.04 1.327455293527043 0.92511
0.04 1.7685275092919206 0.92863
0.04 1.0125339644125557 0.84995
0.04 2.659281079349695 0.93069
0.05 2.941898131248621 0.93984
0.05 0.26353870703824533 0.78847
0.05 9.08885707406787 0.95013
0.05 3.1894177351947572 0.94977
0.05 6.032001630306446 0.94965
0.05 4.527918448381021 0.95038
0.05 1.576466279010111 0.85008
0.05 1.5956884201922135 0.89874
0.05 4.168747951021225 0.95006
0.05 4.353283511542157 0.95048
0.06 3.2731713740860076 0.93914
0.06 0.3990271162557487 0.74938
0.06 -0.49226396789431776 0.71433
0.06 1.7130955739502345 0.9134
0.06 1.5452408669657633 0.85289
0.06 1.1657364275774558 0.89129
0.06 1.0503723254791775 0.88904
0.06 2.6986317197549554 0.94109
0.06 2.7385659389371613 0.92217
0.06 2.8530625166562107 0.93858
0.07 0.2540447267910445 0.71631
0.07 2.5210823906580395 0.92938
0.07 1.2607514159147528 0.91266
0.07 4.642965363460689 0.92986
0.07 4.0791192978043345 0.9306
0.07 0.5519479296392675 0.81003
0.07 6.774787960650718 0.93142
0.07 5.434748457630315 0.92867
0.07 5.211249491573606 0.93081
0.07 1.1739142478992146 0.92589
0.08 2.826470156737297 0.86084
0.08 4.049492627329124 0.91943
0.08 1.1892802048640942 0.81707
0.08 5.56075182696172 0.92056
0.08 3.9684791225294895 0.91737
0.08 2.97432250721775 0.84554
0.08 1.008575651295532 0.85664
0.08 3.0852156328752276 0.92107
0.08 1.9536273254401073 0.88454
0.08 4.205467794836538 0.92007
0.09 5.904180391886265 0.90936
0.09 1.6149264757243957 0.77448
0.09 3.572557840969648 0.91027
0.09 0.7086003344726425 0.8004
0.09 3.010033954558677 0.89483
0.09 8.86505973232909 0.91034
0.09 0.12105462271330092 0.74591
0.09 4.101839283461839 0.91042
0.09 7.100340085876829 0.91045
0.09 5.344321970148828 0.91031
0.0 2.440255020052556 0.924774
0.01 3.020853113298819 0.9646329999999999
0.02 3.6192976163194595 0.9301189999999998
0.03 3.7414830809039836 0.940751
0.04 2.5923208396932247 0.9336880000000001
0.05 3.7737817888002674 0.9177600000000001
0.06 1.6944639891768396 0.875131
0.07 3.190461128202198 0.8945630000000001
0.08 3.082168285008688 0.886313
0.09 4.034291469214152 0.8676770000000001